version https://git-lfs.github.com/spec/v1
oid sha256:86232714e79f4efdc1fd6175037094714bb13fd225cedfb73656652cf0c0cf7e
size 2628
